0.050000
0.600000
1.300000
2.066667
2.500000
2.816667
3.216667
3.566667
4.050000
4.783333
5.483333
6.100000
6.800000
7.516667
8.216667
8.533333
8.933333
9.633333
9.933333
10.216667
10.916667
11.650000
12.050000
12.100000
12.433333
12.833333
13.466667
14.233333
14.766667
15.500000
16.200000
16.716667
17.433333
17.883333
18.050000
18.733333
19.450000
20.150000
21.000000
21.516667
21.950000
22.333333
22.400000
22.683333
22.766667
22.850000
23.050000
23.466667
23.516667
24.183333
24.483333
24.566667
24.916667
25.183333
25.266667
25.366667
25.616667
25.983333
26.333333
27.033333
27.950000
28.400000
28.450000
29.000000
29.300000
29.366667
29.733333
30.000000
